1|19:59:34|42|6|4
2|19:59:40|40|6|6
3|19:59:46|39|6|8
4|19:59:52|44|6|10
5|19:59:58|45|6|9
6|20:00:06|44|6|0
7|20:00:14|44|6|4
8|20:00:20|43|6|5
9|20:00:26|41|6|8
10|20:00:35|41|6|3
11|20:02:48|44|6|5
12|20:03:53|40|6|1
13|20:06:10|40|6|1
14|20:06:16|41|6|7
15|20:06:21|41|6|7
16|20:06:27|41|6|8
17|20:06:32|39|6|7
18|20:06:39|43|6|4
19|20:06:44|42|6|7
20|20:06:50|44|6|5
21|20:54:26|41|6|1
22|20:54:37|41|6|0
23|21:01:18|43|7|1
24|21:11:11|44|7|1
25|21:14:37|39|7|0
26|21:15:47|45|7|0
27|21:32:41|44|7|1
28|21:33:46|44|7|0
29|21:41:04|40|7|6
30|21:43:26|43|7|1
31|21:46:49|43|7|2
32|21:51:13|39|7|1
33|21:59:47|44|8|0
34|22:01:25|39|8|4
35|22:03:44|42|8|2
36|22:06:53|42|8|0
37|22:26:20|44|8|4
38|22:26:57|45|8|1
39|22:30:28|40|8|0
40|23:08:54|45|9|1
41|23:15:45|45|9|4
42|23:16:34|41|9|0
43|23:17:03|41|9|2
44|23:18:04|41|9|1
45|23:21:48|44|9|1
46|23:21:55|44|9|9
47|23:22:02|41|9|4
48|23:22:10|40|9|8
49|23:22:18|43|9|3
50|23:27:26|40|9|6
51|23:30:26|43|9|2
52|23:34:55|43|9|4
53|23:35:05|44|9|6
54|23:35:26|44|9|3
55|23:37:24|44|9|1
56|23:37:58|39|9|1
57|23:38:23|42|9|0
58|23:39:02|41|9|1
59|23:42:42|39|9|0
60|23:51:15|41|9|0
61|23:52:14|41|9|2
62|23:52:59|41|9|1
63|23:53:50|41|9|4
64|23:54:33|41|9|1
65|23:55:21|40|9|4
66|23:55:58|40|9|0
67|23:56:34|43|9|0
68|23:57:54|40|9|1
69|23:59:47|45|10|1
70|00:00:42|39|10|1
71|00:01:11|41|10|2
72|00:02:09|44|10|1
73|00:05:00|44|10|4
74|00:06:42|41|10|1
75|00:07:35|43|10|1
76|00:09:13|44|10|1
77|00:10:43|42|10|1
78|00:11:34|43|10|1
79|00:12:22|43|10|0
80|00:19:42|44|10|0
81|00:20:52|42|10|0
82|00:23:24|42|10|0
83|00:25:35|40|10|1
84|00:28:53|40|10|1
85|00:31:52|40|10|4
86|00:33:21|45|10|3
87|00:34:17|41|10|3
88|00:36:26|41|10|4
89|00:37:54|41|10|1
90|00:44:29|39|10|2
91|00:47:19|45|10|0
92|00:54:41|44|10|5
93|00:55:19|43|10|1
94|00:57:39|41|10|0
95|00:58:54|43|10|0
96|00:59:55|40|11|1
97|01:01:14|39|11|0
98|01:01:47|43|11|0
99|01:01:57|42|11|2
100|01:13:51|40|11|3
101|01:15:09|41|11|1
102|01:17:08|41|11|0
103|01:22:54|45|11|0
104|01:27:00|41|11|0
105|01:28:33|43|11|1
106|01:34:10|39|11|1
107|01:36:34|44|11|1
108|01:39:25|39|11|0
109|01:43:53|40|11|1
110|01:45:40|39|11|1
111|01:50:40|45|11|1
112|01:53:30|43|11|1
113|02:00:53|45|12|1
114|02:02:12|43|12|5
115|02:02:45|44|12|1
116|02:03:25|44|12|1
117|02:04:44|42|12|2
118|02:06:18|39|12|2
119|02:08:42|45|12|0
120|02:09:52|45|12|3
121|02:11:30|41|12|1
122|02:13:03|42|12|0
123|02:21:20|40|12|3
124|02:31:52|40|12|4
125|02:38:49|41|12|1
126|02:49:19|44|12|1
127|02:52:47|44|12|3
128|02:53:51|44|12|4
129|02:59:31|42|1|7
130|03:12:26|45|12|4
131|03:13:33|40|14|1
132|03:13:41|45|14|6
